Quantile	Reduction_in_anubis_ancestry
0.1	0.00373748051822753
0.1	0.061769410063564
0.1	0.0369434772203796
0.1	0.0328689258482309
0.1	0.0136192093875478
0.1	-0.00429328072809543
0.1	0.0498534804531451
0.1	-0.012997759846882
0.1	0.0272931496680726
0.1	-0.0349688939089436
0.1	0.0381482050437247
0.1	0.0528734172770511
0.1	0.0181646777836982
0.1	0.0363366295791741
0.1	0.0112954283899667
0.1	0.0599058302962997
0.1	0.0304676041183253
0.1	0.00267671125011748
0.1	0.0115199100309175
0.1	0.0200578686887459
0.1	0.0132206792377458
0.1	-0.0326713699633093
0.1	-0.0140002059370552
0.1	0.00685208057915399
0.1	0.0360296594324089
0.1	0.0374110272692196
0.1	-0.00375741843310373
0.1	0.0398431722597975
0.1	0.0199700141961779
0.1	0.0204526619376567
0.1	0.00565893028655784
0.1	0.0143625178073956
0.1	0.0191470693489886
0.1	0.0148826052605214
0.1	0.0654929287803383
0.1	0.025125053826683
0.1	-0.0476642248155529
0.1	0.0197397583161825
0.1	-0.00617530971584745
0.1	-0.00905388950937502
0.1	0.0303095789459911
0.1	0.0188823316728945
0.1	0.0192420943281464
0.1	0.0467551285001415
0.1	-0.0229777883965394
0.1	0.0378270618831913
0.1	-0.0252676483149308
0.1	0.00812389550064985
0.1	-0.010827019460826
0.1	-0.0361653287347772
0.1	0.0535533449757002
0.1	0.0604827814842857
0.1	0.00852364980427978
0.1	0.0251767360401007
0.1	0.0393509762188466
0.1	0.028465117919648
0.1	0.0401378140773703
0.1	0.0244781407058861
0.1	0.0407392253809669
0.1	0.0145425377952957
0.1	0.0302336796098144
0.1	-0.0223961327941529
0.1	0.037280363105108
0.1	-0.00371125814335704
0.1	0.021090133852208
0.1	-0.012294773582408
0.1	0.032815706996291
0.1	-0.0337124635704644
0.1	0.0283897528001498
0.1	-0.00230302609733923
0.1	0.0399888026295294
0.1	-0.0100432427464824
0.1	0.0432595429940782
0.1	0.0677290205282952
0.1	0.0421814680823401
0.1	0.0238473766010565
0.1	0.0253813464524367
0.1	0.023238729870709
0.1	0.00732860652820166
0.1	0.0382041205149567
0.1	0.0329860136371526
0.1	0.0323750801109488
0.1	0.014099483198999
0.1	0.00323609478742093
0.1	0.0298474718345147
0.1	0.00494457709100682
0.1	0.047171183050464
0.1	0.0330995276230728
0.1	0.0237425385851691
0.1	0.0434913548190112
0.1	0.0112120325320516
0.1	0.00307133183028707
0.1	0.05439684841731
0.1	0.0442418658926629
0.1	0.00963252049144581
0.1	0.0551331952671492
0.1	0.00543453197307253
0.1	0.043453277996455
0.1	0.0978136141945872
0.1	0.0329163983578283
0.1	0.0140593865321721
0.1	-0.0113590283849772
0.1	0.0307246059922868
0.1	0.0162955738477406
0.1	0.037578699701592
0.1	0.0206604466769443
0.1	0.0463354889043398
0.1	0.0180530707207638
0.1	0.00784353070969218
0.1	-0.00390986773265112
0.1	0.0194417617496326
0.1	0.0465586260081085
0.1	0.0173079358769447
0.1	-0.0015749728286506
0.1	0.0167051081897832
0.1	0.0227867165390141
0.1	0.00261664925662253
0.1	0.0398065825282224
0.1	0.0465659941455584
0.1	0.03247075294318
0.1	0.024933880015618
0.1	0.00984247014823725
0.1	-0.0106533093606908
0.1	-0.0178839142513116
0.1	0.0471070687650694
0.1	0.00486520391172363
0.1	0.0259548419983775
0.1	0.044673526198417
0.1	0.0335557159194023
0.1	-0.00847144823554313
0.1	0.00210941681345356
0.1	0.0147462215969256
0.1	0.0531423032391881
0.1	-0.0225022835234944
0.1	0.0142683105346261
0.1	-0.0225972088359628
0.1	0.0506035096024035
0.1	0.0666989964485244
0.1	0.0390780867647489
0.1	0.0358422904522053
0.1	0.0420621067611655
0.1	0.0385550811421309
0.1	-0.00803291721448973
0.1	0.0342050384957817
0.1	-0.0199625974016582
0.1	0.0341096309343911
0.1	-0.0183878403935418
0.1	0.036062107132368
0.1	0.00242775771427883
0.1	-0.000698616955996489
0.1	0.0121873320056602
0.1	0.00164509053708695
0.1	0.0106780113588628
0.1	0.00575388820025247
0.1	0.0220694384186751
0.1	0.0381725317223086
0.1	0.0427129896638854
0.1	-0.0094665928385167
0.1	0.0223456401730046
0.1	0.0382071621547923
0.1	0.0232914354229367
0.1	-0.0113982629762898
0.1	0.0210432522460768
0.1	-0.0499774227105482
0.1	0.0131940492582074
0.1	0.0900128859554072
0.1	-0.0303612263517383
0.1	0.00975176915772913
0.1	0.0101242317086019
0.1	-0.0691373548922354
0.1	0.00774033607538072
0.1	0.012631291070518
0.1	0.0153915924049202
0.1	0.00535721887778451
0.1	-0.0166265392754624
0.1	0.020729576993216
0.1	0.0198088301182884
0.1	0.0444213127722468
0.1	0.0448795859696064
0.1	0.0369286695451886
0.1	0.0205962673429423
0.1	0.0383447227889293
0.1	0.0438537699219529
0.1	0.00184690203405491
0.1	-0.0285767944548166
0.1	0.0634382623371434
0.1	0.0412323353574546
0.1	0.0716124770109068
0.1	0.0693039727754652
0.1	0.0532354822286957
0.1	0.0372098079526182
0.1	0.00790188619293974
0.1	0.039159576837393
0.1	0.0671076650318293
0.1	0.00898230646735609
0.1	0.0248867804401239
0.1	-0.0139166128031275
0.1	0.0782936624523218
0.1	0.0387805875017391
0.1	0.0395915212950033
0.1	0.0223459523145939
0.1	0.0127521987068966
0.1	0.00087077851724815
0.1	0.0657760117432966
0.1	-0.0147178027023891
0.1	-0.0146229977214354
0.1	0.00104103549371326
0.1	0.0258447680611426
0.1	0.0703315420762008
0.1	0.00378617585137986
0.1	0.00463615844069021
0.1	0.00909348728800125
0.1	0.0209255271427782
0.1	0.0112442576527618
0.1	-3.47391271766639e-05
0.1	0.0197740172888065
0.1	-0.00241168569626438
0.1	0.0227974425456475
0.1	-0.0210293078040076
0.1	0.01820485211429
0.1	0.0307709583719713
0.1	0.00730207351331702
0.1	0.0123120960968899
0.1	0.0411212251327054
0.1	-0.00556423888146917
0.1	-0.00492785364212911
0.1	0.00799666776656927
0.1	0.0039403776460869
0.1	0.0243055458537014
0.1	-0.0191594460492458
0.1	-0.0132589240976124
0.1	0.0333777258101084
0.1	0.0193764512093345
0.1	0.039917977652721
0.1	0.0322529811709975
0.1	0.0438058092688242
0.1	0.0410098835029032
0.1	0.0290793179473816
0.1	0.0158517674058948
0.1	0.0356358032282555
0.1	0.0223837337508761
0.1	0.00346681195573384
0.1	0.0322462606507188
0.1	0.050021937507652
0.1	-0.0050165928745457
0.1	-0.0157584964461607
0.1	0.0368090839563723
0.1	0.0284844517109343
0.1	0.058347782170643
0.1	0.00794917890078994
0.1	0.0407059965923861
0.1	0.0233759290298898
0.1	0.0410447512569139
0.1	0.0710746771292715
0.1	-0.0103309617428643
0.1	0.0267080106253837
0.1	-0.00598063655330749
0.1	-0.0400131895334003
0.1	-0.00327446323157121
0.1	0.0276701259194896
0.1	0.0664940867280719
0.1	-0.00206745571200684
0.1	0.0385924772488396
0.1	0.045316283464885
0.1	0.0703110353605647
0.1	-0.000588665822280343
0.1	0.0016695894841553
0.1	0.0227360855849675
0.1	0.0248004450523149
0.1	0.00338395351617615
0.1	0.0290887722687494
0.1	0.00817993954697371
0.1	0.00569982756153531
0.1	0.0339823318555332
0.1	-0.00507599738148323
0.1	0.0665665727921657
0.1	-0.00169137096330563
0.1	-0.0200655094641912
0.1	0.0396048309093503
0.1	0.0225423454836411
0.1	0.0371246334438371
0.1	0.0639449036757829
0.1	-0.00697881617213203
0.1	0.0242638654244017
0.1	0.0104939309367844
0.1	-0.0204822868524543
0.1	0.0296762801153723
0.1	0.0278118226649633
0.1	-0.0234553234680934
0.1	-0.0756861636604247
0.1	0.0144053867620708
0.1	0.0863986134686415
0.1	-0.0189266791833413
0.1	0.0557793348762506
0.1	0.0236342924036781
0.1	0.0915688312571366
0.1	-0.0586782791480001
0.1	0.0172848233611462
0.1	0.00966881513332019
0.1	0.0135335251583057
0.1	0.0254618489477785
0.1	0.0270591199051484
0.1	-0.00858555938622585
0.1	0.000902000500246025
0.1	0.0431771134560622
0.1	0.050339518062116
0.1	0.02626628855255
0.1	-0.00685573852378862
0.1	0.00869650934400945
0.1	0.0759265343074731
0.1	-0.0238503037870356
0.1	0.0297796251870492
0.1	-0.0113537539616194
0.1	-0.0104085643888248
0.1	0.0329143781078765
0.1	0.0248304162221084
0.1	0.012598085451083
0.1	0.0192325140600493
0.1	-0.0134341490757532
0.1	-0.0157548632734614
0.1	0.0518460966244598
0.1	-0.0281376300378783
0.1	0.00437947668431682
0.1	0.0334673443175069
0.1	-0.00156122291604799
0.1	0.0373224116579496
0.1	0.0695298104141898
0.1	0.0481864233296657
0.1	0.0308028269503886
0.1	0.0150077144605189
0.1	-0.0346117691937253
0.1	-0.012852876443023
0.1	-0.0487642890298025
0.1	0.0378740769962334
0.1	0.0185481873671288
0.1	0.00973483109018025
0.1	0.0464587644415201
0.1	0.0427391919964083
0.1	-0.0216027790811709
0.1	0.0208535887494508
0.1	0.030589932791198
0.1	-0.00238688876014104
0.1	0.00853489593198042
0.1	-0.00255682958066017
0.1	0.0532142772916359
0.1	-0.00624195258540439
0.1	0.0473616085460008
0.1	0.0490575046482551
0.1	-0.0163746061254155
0.1	0.0453100906619784
0.1	0.0319616390503571
0.1	-0.00509077108086642
0.1	0.0166150506626623
0.1	0.0278900890647162
0.1	0.0209413239881328
0.1	0.0131888180117838
0.1	0.0283543482862256
0.1	0.0619901780221851
0.1	0.00826335777047871
0.1	0.0181628490114485
0.1	0.0157291113906193
0.1	0.0336775061872666
0.1	-0.0024219451943851
0.1	-0.0177759696549733
0.1	0.0489632317942207
0.1	0.00246983875568663
0.1	-0.0275305973362592
0.1	0.0398787851453742
0.1	0.00220205787108385
0.1	0.034956134564422
0.1	-0.00920469385124867
0.1	0.0269796694045503
0.1	-0.00268667102912157
0.1	0.0254252697512831
0.1	0.00588962057227926
0.1	-0.0018394562808397
0.1	0.0410216253497465
0.1	-0.000626595158604637
0.1	0.0412984378222988
0.1	0.0720683843865926
0.1	0.0286235613923965
0.1	0.0586297757022411
0.1	0.0283053894237359
0.1	0.0121495527317595
0.1	0.0261087556701728
0.1	0.0780604384124965
0.1	0.0163414886264949
0.1	0.0116033630623585
0.1	-0.0357153704567956
0.1	0.0445331734759329
0.1	-0.00405460542935177
0.1	0.00698842502951424
0.1	0.0648618335450238
0.1	-0.0193705778029036
0.1	0.0188917809845336
0.1	0.0374986229618788
0.1	0.00589007900984384
0.1	0.0249443655331224
0.1	-0.0326279440014958
0.1	0.0248840001946272
0.1	-0.0332735626823869
0.1	0.0560944559188274
0.1	0.0635290594948623
0.1	0.0573248495127475
0.1	0.0307222238402325
0.1	0.0413147845131311
0.1	0.0343407354217252
0.1	0.0364943922091888
0.1	0.0129169559137395
0.1	-0.0082648254511416
0.1	-0.0094411716059849
0.1	-0.0271353114476124
0.1	0.0565850902623561
0.1	-0.00226790816392075
0.1	-0.0159101290715697
0.1	0.0226974277585362
0.1	-0.0104659774835002
0.1	0.00801296329044521
0.1	0.014898619962291
0.1	-0.0026998326411285
0.1	-0.028646815102442
0.1	0.0545991176508541
0.1	0.0186894808391895
0.1	-0.00895482347349463
0.1	-0.00613097742736091
0.1	0.0249929848546295
0.1	-0.000721596397451618
0.1	0.0180427497831717
0.1	0.00650167117833544
0.1	0.0205178152682606
0.1	0.0364428301932369
0.1	0.0305479349084049
0.1	0.0320014949636001
0.1	0.0245585443731169
0.1	0.0133210147151909
0.1	-0.00997191472218295
0.1	0.061530701548753
0.1	0.020952332646611
0.1	0.0546540116803195
0.1	0.0260420197868779
0.1	0.0465602172119999
0.1	0.0480163898604471
0.15	-0.010656962095748
0.15	0.0376002609719061
0.15	0.026837205427876
0.15	0.0279501153452172
0.15	0.00192887061212799
0.15	-0.0252613416980022
0.15	0.039747402370976
0.15	-0.00113836096647946
0.15	0.0184678178426572
0.15	-0.0262361763410024
0.15	0.0295150636492048
0.15	0.0408153279745244
0.15	-0.00191629110710634
0.15	0.0347522838290475
0.15	0.0217280578362502
0.15	0.0444182748077703
0.15	0.0215274061898771
0.15	0.0258224203120603
0.15	0.00367877880956158
0.15	0.0185965869942998
0.15	0.0190755481263898
0.15	-0.0205877139034096
0.15	0.0105115114070353
0.15	0.0264254304646326
0.15	0.0390081421592865
0.15	0.0278462855939889
0.15	-0.00709054387112817
0.15	0.0489343255588978
0.15	0.0276940379244482
0.15	0.038173254464371
0.15	0.0131299021096775
0.15	0.0269327899358687
0.15	0.00652964311351101
0.15	0.0371440730025027
0.15	0.055058509284744
0.15	0.0248235731120903
0.15	-0.0259267378234564
0.15	0.0262337517793731
0.15	-0.0118593937021991
0.15	-0.00254761960069805
0.15	0.0419095754599235
0.15	0.00296045862647676
0.15	0.0295323112012031
0.15	0.0194547221822967
0.15	-0.0269238813407382
0.15	0.031901756068616
0.15	-0.0138104300050613
0.15	-0.00514343180721422
0.15	0.000739271279406539
0.15	-0.0483005588009169
0.15	0.0345794411222871
0.15	0.021021297455195
0.15	0.00818159138175012
0.15	0.021955568526598
0.15	0.0401014195889622
0.15	0.0240454440596947
0.15	0.0290009926165985
0.15	0.0304306338025089
0.15	0.0452876922538499
0.15	0.0252362288897188
0.15	0.0300333963563648
0.15	-0.00184652403159236
0.15	0.0225132551182091
0.15	-0.0454492852983667
0.15	0.0166537323307592
0.15	-0.0140332487228284
0.15	0.0301994094816603
0.15	-0.0432083401007654
0.15	0.0243750579420711
0.15	0.00629460188947562
0.15	0.014091739937824
0.15	-0.00559798442130222
0.15	0.0260896295208592
0.15	0.0419077490065241
0.15	0.0148829302326129
0.15	0.0175364563311851
0.15	0.011680716535318
0.15	0.0265012508570605
0.15	0.0151101917777454
0.15	0.0196932514797268
0.15	0.00402986522009452
0.15	0.0452605433797022
0.15	-0.014017874233423
0.15	0.0216302760684615
0.15	0.0343453244192549
0.15	0.00102998094822981
0.15	0.0363156823100965
0.15	0.0144889157950782
0.15	0.0139960929814835
0.15	0.0370016871012491
0.15	0.00221056839047529
0.15	0.00781105304682295
0.15	0.0423949945604292
0.15	0.0059671595238413
0.15	0.0146622878014151
0.15	0.02951467639088
0.15	0.016215398803972
0.15	0.0254407958746127
0.15	0.0725178249398342
0.15	0.0358504375887689
0.15	0.0088364159707176
0.15	0.00500316792072597
0.15	0.0103231575268076
0.15	0.0118691377491211
0.15	0.0288864578766657
0.15	0.0215233108737655
0.15	0.0565364518335427
0.15	0.0269976269417079
0.15	0.013568071024182
0.15	0.0192624930014299
0.15	0.0350007540098531
0.15	0.0209128705957042
0.15	0.0236232758649277
0.15	0.0050186361911676
0.15	0.0292964323039218
0.15	0.02535110043125
0.15	-0.0113753224278871
0.15	0.0152926052830756
0.15	0.0498990032395521
0.15	0.0168155994353163
0.15	0.0219278274644624
0.15	-0.00635114142788973
0.15	0.00204031233130458
0.15	-0.0124681592684451
0.15	0.0540837655240458
0.15	0.0202845960205032
0.15	0.00875004041347016
0.15	0.0238289185854219
0.15	0.0196670551606911
0.15	-0.00429466854237448
0.15	0.00161207967688515
0.15	0.00953911614153358
0.15	0.0324620608285675
0.15	-0.0109539478437634
0.15	0.0185076178348837
0.15	-0.000207026021177392
0.15	0.0388890208837918
0.15	0.0486186660961606
0.15	0.022252364884399
0.15	0.0409280570381848
0.15	0.035070131684422
0.15	0.0425399609291782
0.15	0.00525161496870596
0.15	0.0222061178597113
0.15	-0.0298622200608206
0.15	0.0376552260187059
0.15	-0.0244473686961674
0.15	0.034513439421143
0.15	0.00646743494484936
0.15	-0.00256839277761489
0.15	0.0230867106339653
0.15	0.0111657941149481
0.15	0.0063062867093896
0.15	0.0116033782868634
0.15	0.0353254691779786
0.15	0.0523979490658959
0.15	0.0077387481696215
0.15	-0.00632122955840064
0.15	0.0394006275968806
0.15	0.0414895485419209
0.15	0.0468371741384668
0.15	0.00493321927593243
0.15	0.0300262453876559
0.15	-0.0385361203475808
0.15	0.0157404424192698
0.15	0.108194798829602
0.15	-0.0136944152467497
0.15	0.0100973837327935
0.15	0.0118845320034746
0.15	-0.0512073205118828
0.15	-0.000286787537333577
0.15	0.0106190595790421
0.15	0.00930275666088853
0.15	0.00552357654621849
0.15	-0.0194875255255995
0.15	-0.00270116524258768
0.15	0.0301936933774362
0.15	0.0531703391057134
0.15	0.0224751105608717
0.15	0.0505162010892698
0.15	0.0182883724955003
0.15	0.0378541023283417
0.15	-0.00341261917646629
0.15	0.00861877773238262
0.15	-0.0175543980373998
0.15	0.0528467182372988
0.15	0.0349844051966652
0.15	0.0558564944006965
0.15	0.0571427273428372
0.15	0.0469690751064098
0.15	0.0137707683859769
0.15	0.00646789003233306
0.15	0.0393036533814854
0.15	0.0537105498367965
0.15	0.0274341884836679
0.15	0.00519867048946177
0.15	0.000107618580678204
0.15	0.0659101136786422
0.15	0.0246846856825658
0.15	0.0199485627127042
0.15	0.00880698390905144
0.15	0.00687082976743736
0.15	-0.000824205492202745
0.15	0.0488454912194174
0.15	0.00155068170578698
0.15	0.00601027436631552
0.15	-0.00609235166048194
0.15	0.00869831717373715
0.15	0.038310059657169
0.15	0.00474748468416863
0.15	-0.00187624630741001
0.15	0.0311283773568946
0.15	0.0326388187117691
0.15	0.0253474687938778
0.15	-0.00188749071231964
0.15	0.0220750651291716
0.15	0.00601306659895817
0.15	0.0053885104696817
0.15	-0.00781173595257878
0.15	0.0202939689547178
0.15	0.0311678783798428
0.15	-0.018115242886527
0.15	0.0247720304233991
0.15	0.0164206230655575
0.15	-0.0029294753814666
0.15	-0.0209041547430079
0.15	0.00387333435446813
0.15	-0.00166812310846076
0.15	0.0267415018847093
0.15	-0.0207794726320142
0.15	-0.00580239176135477
0.15	0.0174335808908461
0.15	0.00724977958197814
0.15	0.0220706938677055
0.15	0.0180868767332365
0.15	0.024966828530733
0.15	0.0113835443904177
0.15	0.00734524200857023
0.15	0.0111178005657276
0.15	0.0136856173381212
0.15	0.0145392735098627
0.15	-0.0134828946534351
0.15	0.0237050609215261
0.15	0.0329274909974956
0.15	-0.0168502338641251
0.15	-0.0266261064896476
0.15	0.0239555912249255
0.15	0.0317392587291592
0.15	0.0425632961803016
0.15	0.00494638180824569
0.15	0.0487999716100168
0.15	0.011590123472208
0.15	0.0303629882983933
0.15	0.0529650260614971
0.15	-0.00919242852748925
0.15	0.0142788355436069
0.15	-0.00984764260711124
0.15	-0.03606950147372
0.15	-0.00898131309782002
0.15	0.0262803491131359
0.15	0.0533572611215394
0.15	-0.0170781093664142
0.15	0.0261599738964274
0.15	0.0451832240482025
0.15	0.051888505405406
0.15	0.000436667040647376
0.15	0.0269910821036371
0.15	0.0241194345603388
0.15	0.0400100369279758
0.15	0.0244453078989495
0.15	0.0111304763302881
0.15	0.00728424403512473
0.15	-0.000457217981679081
0.15	0.0310188858006597
0.15	0.0142633606538463
0.15	0.038630546829671
0.15	0.000837512332071744
0.15	-0.0286094910752136
0.15	0.0177891453385174
0.15	0.0280342907093911
0.15	0.0390242289238782
0.15	0.053508606619261
0.15	0.00481596279648966
0.15	0.00981946440726977
0.15	0.00352465880320874
0.15	-0.00797045605113977
0.15	0.0239982717830933
0.15	0.00550705135540663
0.15	-0.0379700156874176
0.15	-0.0630379359225222
0.15	0.0159527931007273
0.15	0.0675747991933782
0.15	-0.0172263209203678
0.15	0.0507935186812439
0.15	0.00361615176926855
0.15	0.077285629994683
0.15	-0.0401178140248981
0.15	0.0135052472083197
0.15	0.0263763476276656
0.15	-0.0173420965114646
0.15	0.0144932767324681
0.15	0.0204885270923174
0.15	0.00782733831712257
0.15	-0.00165793471136233
0.15	0.00554703292286884
0.15	0.0544956702764448
0.15	0.0485520998108171
0.15	-0.0117590433021681
0.15	0.00961689682199585
0.15	0.0582139420990243
0.15	-0.0186114167770748
0.15	0.0348017061596655
0.15	0.00591687976329913
0.15	-0.0134160965852051
0.15	0.0291250511354757
0.15	0.0361451641009126
0.15	-0.00497175697212282
0.15	0.030099892380307
0.15	-0.00225919238000194
0.15	-0.0244060252597659
0.15	0.0202647689772278
0.15	-0.0355628081626833
0.15	-0.0111093586775955
0.15	0.0280486765038162
0.15	0.00464125305907825
0.15	0.0298448033154283
0.15	0.0592307544511964
0.15	0.0306641249013753
0.15	0.0197308329157118
0.15	0.0139254200368575
0.15	-0.0280057730526524
0.15	-0.00623649687101169
0.15	-0.022925830588914
0.15	0.0059766315750911
0.15	0.0120057173841642
0.15	0.0371550614718368
0.15	0.0368525590120927
0.15	0.0379768104564595
0.15	-0.0121410145375388
0.15	0.00194545111664501
0.15	0.0193138381501574
0.15	-0.0122675637780852
0.15	0.00573458954299522
0.15	-0.00122327936532685
0.15	0.0502916158125422
0.15	0.00499330671191478
0.15	0.0595993039641367
0.15	0.0263794454569162
0.15	0.00584875783143157
0.15	0.0178769401451884
0.15	0.0102453328737979
0.15	0.00490017871639958
0.15	-0.0036968120045302
0.15	0.00951305193096641
0.15	-0.00308847048895855
0.15	0.0183882321077689
0.15	0.0313088137807536
0.15	0.0523981345395802
0.15	0.00269392039402916
0.15	0.0175076344459474
0.15	0.000380918712493683
0.15	0.0146513319839551
0.15	-0.00475413476932862
0.15	0.00233326178093041
0.15	0.017945136035552
0.15	0.011012333357873
0.15	-0.0229295127164265
0.15	0.0174080363981926
0.15	0.0141678990783107
0.15	0.0303959113868522
0.15	-0.00379201502386928
0.15	0.0359054691009173
0.15	0.012342713244694
0.15	0.0165515511443219
0.15	0.00573649183315428
0.15	-0.0108277138969038
0.15	0.0382987352555542
0.15	-0.00502735353560746
0.15	0.0308551839394589
0.15	0.0356505015573565
0.15	-2.56308609786204e-05
0.15	0.0285326106518323
0.15	-0.0033120641566633
0.15	0.00538226936426434
0.15	0.0241566579989672
0.15	0.0515246214708626
0.15	0.0255682218430355
0.15	0.0168471577468314
0.15	-0.027128503018232
0.15	0.0251448441967281
0.15	-0.0118466005471003
0.15	-0.00155733282029746
0.15	0.033354081488864
0.15	-0.0131576517269002
0.15	0.0103083769729164
0.15	0.0408978081532542
0.15	0.013007093295627
0.15	0.0381694982441758
0.15	-0.00353370717971324
0.15	0.0126766556764849
0.15	-0.0088660649116501
0.15	0.0330779416759204
0.15	0.0447433360347118
0.15	0.0498130085659997
0.15	0.0286911863698944
0.15	0.0341249372307
0.15	0.0280505550500725
0.15	0.0407638944971038
0.15	0.022250355132148
0.15	-0.0100259355635433
0.15	-0.0115958998322683
0.15	-0.0380349954731624
0.15	0.039921629393642
0.15	2.89701931706077e-05
0.15	-0.0220200978803615
0.15	0.000978731790374998
0.15	-0.0187959871890099
0.15	0.0039415606555272
0.15	0.0199817354783447
0.15	0.0161749231575544
0.15	-0.0218666543664863
0.15	0.0554082746449304
0.15	0.00658894102579755
0.15	-0.0104422311121803
0.15	-0.014331479217993
0.15	-0.00073554497661843
0.15	0.00185027130610393
0.15	0.000764793993865087
0.15	8.26062538775707e-05
0.15	0.00499488475022669
0.15	0.00168054117827765
0.15	0.0175179813742322
0.15	0.0124148379541803
0.15	0.0162819914086971
0.15	-0.00151148363286457
0.15	0.0291334400607483
0.15	0.0172648667269258
0.15	0.0150593803416852
0.15	0.0228423832527689
0.15	0.0338186044853589
0.15	0.0349990181536542
0.15	0.0384408378969939
0.2	-0.0041426979151602
0.2	0.0227041830190891
0.2	0.0244615274305132
0.2	0.0148618267140138
0.2	-0.0166352955492188
0.2	-0.0119221589956861
0.2	0.040217115330702
0.2	-0.00641396234397829
0.2	0.0162956502883378
0.2	-0.0364168016215524
0.2	0.0171786720315621
0.2	0.0309069758316382
0.2	0.00035918706199467
0.2	0.0413468744979295
0.2	0.0280021469764635
0.2	0.0482955781193969
0.2	0.0158342446184615
0.2	0.0250535577082054
0.2	0.00425037239980997
0.2	-7.43343610365432e-06
0.2	0.010040252090733
0.2	-0.0273078610753994
0.2	-0.00520516649622427
0.2	0.0227204269683854
0.2	0.00726324607223106
0.2	0.0297018490056208
0.2	-0.00644642179212185
0.2	0.0381330669531452
0.2	0.00627759000496064
0.2	0.0270419879552534
0.2	0.00791018102331609
0.2	0.0198933430296039
0.2	0.0147718545392974
0.2	0.034753745243136
0.2	0.0578894157232823
0.2	0.0189700604998031
0.2	-0.0271328304531898
0.2	0.0178991036602399
0.2	-0.0269364213243073
0.2	0.00653168218907429
0.2	0.0392245585238291
0.2	-0.00037219012454337
0.2	0.0303086175816555
0.2	0.0088091734482818
0.2	-0.0254735563863048
0.2	0.023022995040375
0.2	0.00188971487502876
0.2	-0.00196405248813258
0.2	0.010724303863476
0.2	-0.0427783455264992
0.2	0.0284400668234753
0.2	0.00503512790326677
0.2	0.00528143503656986
0.2	0.0144726516985225
0.2	0.0289495858801641
0.2	0.0185728090653957
0.2	0.0148264870716732
0.2	0.0400185018936489
0.2	0.0344750972734481
0.2	0.00544597092658172
0.2	0.0166528260666824
0.2	0.000633128159777341
0.2	-0.000836312937241845
0.2	-0.0464502031871366
0.2	0.00734181704059034
0.2	-0.00615797061737478
0.2	0.0156461475220641
0.2	-0.0232364965626258
0.2	0.0135472853622004
0.2	0.00872448635264578
0.2	0.00275007352160417
0.2	0.00420596014931962
0.2	0.0155138507691976
0.2	0.0319593080402449
0.2	0.0243874792028715
0.2	0.0127139074401117
0.2	0.00885459016983492
0.2	0.0163728860290612
0.2	0.0206587035450025
0.2	0.0177729387384244
0.2	0.00912352564127561
0.2	0.0344659258525304
0.2	-0.00426817380627731
0.2	0.0370438956585389
0.2	0.0380044617697968
0.2	-0.00358856196641366
0.2	0.0250637819479046
0.2	0.00585109325771183
0.2	0.011864795307711
0.2	0.0246384702771719
0.2	-0.00821891892991089
0.2	0.00495733883812943
0.2	0.0350646689500415
0.2	0.00629415242735476
0.2	0.00311332763391226
0.2	0.0152717879852448
0.2	0.0115384740002062
0.2	0.0015961919803299
0.2	0.0722153935644372
0.2	0.028644343862934
0.2	0.0090992230283623
0.2	0.00786438441556692
0.2	0.00701798106770457
0.2	0.0156846712161789
0.2	0.0154517285373116
0.2	0.0237407891355527
0.2	0.0541016447876214
0.2	0.0296992927667553
0.2	0.0141410406666721
0.2	0.0299736759245248
0.2	0.0183696339776255
0.2	0.0262891589931862
0.2	0.00465988109932391
0.2	-0.0141410851987803
0.2	0.0231229373756179
0.2	0.00654055584765389
0.2	-0.00981631568341146
0.2	0.00570002181098128
0.2	0.0442243735731195
0.2	0.0107062196229396
0.2	0.0330600781164674
0.2	-0.00922427091964739
0.2	0.0153496862683226
0.2	-0.00184637420257305
0.2	0.0387396590833846
0.2	0.0213842654484911
0.2	0.000871640412381081
0.2	0.0141660510014648
0.2	0.0192707968831999
0.2	0.00707745631854417
0.2	-0.00991464933207364
0.2	0.0166278256379564
0.2	0.0210392724353027
0.2	5.22345352473863e-05
0.2	0.00203430068962718
0.2	-0.00134297241748282
0.2	0.0424972021697204
0.2	0.0383096183288499
0.2	0.0150499354165676
0.2	0.0387652159751835
0.2	0.0343841267963894
0.2	0.0239429859557899
0.2	0.0123713256908542
0.2	0.0130815898402199
0.2	-0.0206662655589401
0.2	0.0451300129714766
0.2	-0.0215594861486188
0.2	0.0339424910163577
0.2	-0.000969847448171413
0.2	-3.5987240580404e-05
0.2	0.0171299044312623
0.2	0.000940506413956821
0.2	0.0168825532971871
0.2	0.0148034608210142
0.2	0.0357734930348123
0.2	0.0502004247716381
0.2	0.00105894075236468
0.2	0.00730293917973879
0.2	0.0295036544708887
0.2	0.0273819073879583
0.2	0.0165344221105189
0.2	0.0165596219199652
0.2	0.00767841799908775
0.2	-0.0126423106855199
0.2	-0.00829692639735125
0.2	0.0806063397747434
0.2	-0.0152093943390467
0.2	0.0324520950019561
0.2	0.0105968163246334
0.2	-0.0295884161543656
0.2	0.012263258151659
0.2	-0.00252092150958338
0.2	1.3692087710071e-05
0.2	0.00812760448686278
0.2	-0.0111347569943676
0.2	0.00178160433239982
0.2	0.00892567239648623
0.2	0.0429465475866503
0.2	0.0280638293088594
0.2	0.0395213923449037
0.2	0.0116968588373026
0.2	0.0471915886915144
0.2	0.00550875280781193
0.2	-0.00856967625504024
0.2	-0.0114898102880262
0.2	0.037521494215804
0.2	0.0250075681706943
0.2	0.0372490308939492
0.2	0.0296385414263166
0.2	0.0367872308129694
0.2	0.02048973767861
0.2	0.00797340651301048
0.2	0.0323044633152957
0.2	0.0425035831775162
0.2	0.0142217405854593
0.2	0.0129903134216954
0.2	0.021401703501747
0.2	0.0547897418913781
0.2	0.0215960694537114
0.2	0.00115545546796247
0.2	0.00894438984296975
0.2	0.00853931580874667
0.2	0.00149932822666754
0.2	0.0388457933874208
0.2	-0.00388680794317386
0.2	0.01541681015553
0.2	-0.000300178536220219
0.2	0.00751297762030423
0.2	0.0204967931449571
0.2	0.0103072269784997
0.2	-0.00407396240347713
0.2	0.0133521745556416
0.2	0.011693804123627
0.2	0.0187958714861197
0.2	-0.00149977237772081
0.2	0.0197864126546468
0.2	0.013876956565436
0.2	-0.00147551061297624
0.2	-0.0301957075940164
0.2	0.0254462323951757
0.2	0.0130291077224426
0.2	-0.0197603322793773
0.2	0.00441332440695463
0.2	0.00725581165272604
0.2	0.00378011021854985
0.2	-0.0148742904742125
0.2	-0.0022849749974071
0.2	0.00126790577716895
0.2	0.00298648947139724
0.2	-0.00613670441136682
0.2	-0.0178513093356301
0.2	0.0159185601503201
0.2	0.0234429082489184
0.2	0.0232377352307511
0.2	0.00574049215640959
0.2	0.0132741136669176
0.2	-0.00176944788213701
0.2	0.000603946507108821
0.2	-0.000904727063570143
0.2	0.00854239649129251
0.2	0.0127820752544922
0.2	-0.0205138989196729
0.2	0.0146749630372789
0.2	0.0315440640747804
0.2	0.000416470120933932
0.2	-0.0202400640214334
0.2	0.037896807238249
0.2	0.0262679908677639
0.2	0.0317629997780827
0.2	-0.00347754829910873
0.2	0.0376917784892584
0.2	0.0103717868604571
0.2	0.0128719193529966
0.2	0.0529700134569829
0.2	0.00836771705562078
0.2	0.017597243327253
0.2	-0.00708751788946371
0.2	-0.0425069588772293
0.2	-0.00937357627108437
0.2	0.0257908987876572
0.2	0.0490332515631859
0.2	-0.0336893616130365
0.2	0.018188029474893
0.2	0.0300232089457136
0.2	0.0265843494523149
0.2	0.0094523627739288
0.2	0.0121415481971658
0.2	0.00794044406911942
0.2	0.0315813832381054
0.2	0.0301555029506305
0.2	0.00970409741969824
0.2	0.00690173607050881
0.2	0.00948078464656532
0.2	0.0227681037656342
0.2	0.0315334107197816
0.2	0.0370132398240393
0.2	-0.00247465438905292
0.2	-0.0233747324263446
0.2	0.00790295974713284
0.2	0.0122117576964665
0.2	0.0262703803965076
0.2	0.0370151783077485
0.2	-0.0133707022241376
0.2	0.0190594538401067
0.2	0.0148568880309989
0.2	-0.0200440058341163
0.2	0.0143669808676494
0.2	0.0253575553438059
0.2	-0.0212159729002526
0.2	-0.0359812417163783
0.2	0.0198747396040206
0.2	0.0435717567658266
0.2	-0.00294562637710594
0.2	0.0483659459838887
0.2	-0.00342149982919804
0.2	0.0623811022824398
0.2	-0.0360409040166287
0.2	-0.00669286283956072
0.2	0.0273917956234455
0.2	-0.0092164572048723
0.2	0.00324722389155907
0.2	0.022071677328071
0.2	-0.000677044877377408
0.2	-0.0156778597180134
0.2	-0.00194607319413909
0.2	0.0507434136494729
0.2	0.042693138028272
0.2	-0.0166447115324102
0.2	0.00497445641314331
0.2	0.0290585526772936
0.2	-0.0116565777894634
0.2	0.0147703419364646
0.2	-0.00613169000725866
0.2	0.00414438017063162
0.2	0.0273360321179772
0.2	0.022688625735255
0.2	-0.0100185715301366
0.2	0.0283000542921092
0.2	-0.00972661161811383
0.2	-0.0291821399274335
0.2	0.00662192775287362
0.2	-0.0286527909249479
0.2	-0.0187440656172747
0.2	0.00290924032827011
0.2	0.0114192945205071
0.2	0.0160088723638275
0.2	0.030549859007192
0.2	0.0200637839846063
0.2	0.00530475801864805
0.2	-0.00225762763057713
0.2	-0.0105337792880424
0.2	-0.00409639207853973
0.2	-0.025112763960735
0.2	0.00214679661787842
0.2	0.0364623746413639
0.2	0.0147188281204361
0.2	0.0229203095480718
0.2	0.0264116049058276
0.2	-0.0122418502514514
0.2	0.0201081649804903
0.2	0.0132150146837859
0.2	-0.0238415666639168
0.2	0.0250514792925989
0.2	0.00222174939646913
0.2	0.0384585089210592
0.2	-0.000486649505139103
0.2	0.0364693167547505
0.2	0.0371023327121442
0.2	0.0159029564051502
0.2	0.0155019827461096
0.2	0.025536002924574
0.2	0.00445783921622622
0.2	-0.00893261420001257
0.2	0.0171601164825091
0.2	-0.00268001925799244
0.2	-0.000422706495204483
0.2	0.00854975653819912
0.2	0.0444089159430999
0.2	0.0193426423432251
0.2	0.0323496325828684
0.2	0.00482534841121718
0.2	0.0248464735179426
0.2	0.00181925818458661
0.2	-0.00574434186558603
0.2	0.0164639328351628
0.2	0.00297238786589948
0.2	-0.013689109273919
0.2	0.0104456379050138
0.2	0.0126097355937312
0.2	0.037652086599557
0.2	-0.00560993320324388
0.2	0.0266017695163525
0.2	0.00157644452317629
0.2	0.00422774479195787
0.2	0.00232344311678712
0.2	-0.0179132064942896
0.2	0.0287162369425527
0.2	-0.0139572551784306
0.2	0.0255239558261866
0.2	0.0352645071325853
0.2	0.0068081620108601
0.2	0.0284982019708094
0.2	-0.0062869970029612
0.2	-0.0205858210447258
0.2	0.0212278282285244
0.2	0.0375742185441729
0.2	0.0176971249699028
0.2	-0.00210239829615444
0.2	-0.00800730733927058
0.2	0.0260538320707442
0.2	-0.0151419610615072
0.2	0.0100238856046743
0.2	0.0276118042378027
0.2	0.00479100170327873
0.2	0.0365620429837845
0.2	0.0277143685710624
0.2	0.0158171479607905
0.2	0.0316926787994769
0.2	0.000546642579911327
0.2	0.0051460002444228
0.2	-0.0143702682297832
0.2	0.010507289027607
0.2	0.0356069309160426
0.2	0.0403843576526758
0.2	0.010948821929356
0.2	0.0460286149248096
0.2	0.0253794468603091
0.2	0.0338465714911974
0.2	0.0117463603176433
0.2	-0.0226609801044788
0.2	-0.0226448178240257
0.2	-0.0260809832317436
0.2	0.0216993431687563
0.2	-0.00722079141289411
0.2	-0.0237775201391959
0.2	-0.00289938965545533
0.2	-0.00402834215961634
0.2	-0.0070696316747656
0.2	0.0201737007095966
0.2	0.0212402342362757
0.2	-0.00953852102658448
0.2	0.0574852840772592
0.2	-0.000195265557060953
0.2	-0.00367766426796035
0.2	-0.00358426462262762
0.2	-0.0126099085869908
0.2	-0.00866733833743427
0.2	0.00440735636222978
0.2	-0.00644140141140681
0.2	0.0231022888006043
0.2	0.0202215090273496
0.2	0.0192460025821136
0.2	0.0139965391620508
0.2	0.0236393108646077
0.2	0.00640126072627822
0.2	0.00858208867824994
0.2	0.0356424383537141
0.2	0.00127325693057523
0.2	0.0108984878282461
0.2	0.0324652492391142
0.2	0.0223881167212266
0.2	0.0460312927630906
0.25	-0.00531081907834186
0.25	0.0201723838728414
0.25	0.0124482868521292
0.25	-0.000203038849692083
0.25	-0.0167385272202769
0.25	-0.0148374504888263
0.25	0.0246386481254958
0.25	-0.0112688454693908
0.25	0.0206195483618949
0.25	-0.0288321516334519
0.25	0.0159171123461961
0.25	0.0233178299227792
0.25	-0.00361751616442907
0.25	0.0399381720631073
0.25	0.0200537271153548
0.25	0.0471007998532997
0.25	0.003125139886896
0.25	0.0160851030368024
0.25	0.00232247777479588
0.25	0.00652670680209977
0.25	0.015520020087624
0.25	-0.0406558279851922
0.25	-0.00445876663653366
0.25	0.00125072746901722
0.25	-0.00490377699891675
0.25	0.0151899023963069
0.25	-0.0162659000524932
0.25	0.0270682827752167
0.25	0.00269728918302059
0.25	0.0236929380501864
0.25	-0.00147771515624562
0.25	0.0135463215029699
0.25	0.0157823322167185
0.25	0.0185103839705306
0.25	0.045097723802599
0.25	-0.00878738296179704
0.25	-0.0324971830124191
0.25	0.00680251428036438
0.25	-0.0407760089190359
0.25	-0.00199058128841578
0.25	0.0375704747932275
0.25	0.0109733247116938
0.25	0.0185568206534937
0.25	0.0176728059836642
0.25	-0.00186043610546871
0.25	0.00918380764820836
0.25	0.00579130298040131
0.25	-0.0051641490537786
0.25	0.00593387637927367
0.25	-0.0353475667792063
0.25	0.026156098436913
0.25	-0.0036955192859498
0.25	-0.00465240426929858
0.25	0.0047516872632638
0.25	0.020907746946299
0.25	0.0121413833564404
0.25	-0.00301604680724588
0.25	0.023618843162975
0.25	0.0161479989411052
0.25	-0.00868192201932161
0.25	0.00557689501589032
0.25	-0.00235528910338734
0.25	-8.45653938135182e-05
0.25	-0.0400928820483933
0.25	0.000828870206768029
0.25	-0.00492161945911751
0.25	0.0070026203627559
0.25	-0.026207891442105
0.25	-0.0030800909488321
0.25	0.0042357836709711
0.25	-0.0127245256465172
0.25	0.00677573368911566
0.25	0.00498073072514138
0.25	0.0199338334991287
0.25	0.0125169927133538
0.25	0.0125774085005667
0.25	0.0129178509168648
0.25	0.00395276371199416
0.25	0.0157226083813784
0.25	0.0012435076923728
0.25	0.0155999379816578
0.25	0.0122969152919037
0.25	-0.00601938927644063
0.25	0.0232697042699846
0.25	0.0235400060650738
0.25	-0.00469818769945873
0.25	0.0226976821856665
0.25	-0.00584697132799228
0.25	0.00324632724070351
0.25	0.0173294271237189
0.25	-0.0148575789597238
0.25	0.000560134000068713
0.25	0.0178062220532952
0.25	-0.00871032198591759
0.25	-0.00273171831103247
0.25	0.00759313454688948
0.25	0.00181387502286223
0.25	-0.00256753263714926
0.25	0.0645520786890544
0.25	0.0160317365571373
0.25	0.0120300286365358
0.25	0.00325036967635639
0.25	-0.00105824275116451
0.25	0.00951418122378134
0.25	0.00417727772175469
0.25	0.00160552396351032
0.25	0.0394781000727814
0.25	0.0367140588212252
0.25	0.00589418356280963
0.25	0.0243813640695578
0.25	0.013876138206189
0.25	0.0235625668436727
0.25	-0.00400321612941223
0.25	-0.0124361027636511
0.25	0.0109648353928626
0.25	0.0099739812975953
0.25	-0.00122484044083904
0.25	-0.00161205738158976
0.25	0.0297307603624918
0.25	0.00648163937189072
0.25	0.0164867504777902
0.25	-0.0143787893616057
0.25	-0.00232493869030881
0.25	-0.0045424346577041
0.25	0.0240825678095391
0.25	0.00477822645560466
0.25	0.00184531082002426
0.25	0.00117903427367738
0.25	0.00658201915889667
0.25	-0.000603178310060515
0.25	-0.019738693470214
0.25	0.00752968337639159
0.25	0.0134973358879891
0.25	0.00620061038175235
0.25	-0.00136056467473888
0.25	-0.0127161267758416
0.25	0.0347637400344819
0.25	0.0259040565586717
0.25	0.000384677615776541
0.25	0.0296066479572636
0.25	0.0279453147409825
0.25	0.00841153055449417
0.25	0.0166220468794178
0.25	0.00745879258296556
0.25	-0.0242061965044613
0.25	0.0403737627530767
0.25	-0.0154342558315591
0.25	0.0312519121100718
0.25	-0.00337376070527518
0.25	0.00834341952553641
0.25	0.0123913506956763
0.25	0.0104389466568147
0.25	0.0194941747705877
0.25	0.0106148149351768
0.25	0.0290124189016017
0.25	0.0487843368581026
0.25	-0.00535958917019375
0.25	0.0182764227974788
0.25	0.0164733532869116
0.25	0.0117325171911085
0.25	0.00994004575042695
0.25	0.00448628828487513
0.25	-0.00184650292551725
0.25	-0.0109695964681513
0.25	-0.0193209166880862
0.25	0.0572485788506925
0.25	-0.0208512873823983
0.25	0.0143227864126403
0.25	0.0158395466265604
0.25	-0.0259060150199538
0.25	0.0114318352678033
0.25	-0.00276721316418027
0.25	-0.0179566807261998
0.25	-0.000939165493425431
0.25	-0.00142672801733745
0.25	-0.00476816059622154
0.25	0.00601888981098109
0.25	0.0432520434082602
0.25	0.026467780285967
0.25	0.0205299899280633
0.25	0.000808791329960479
0.25	0.0300454743595092
0.25	0.000388757342994039
0.25	-0.0103199406220484
0.25	-0.00624144730962584
0.25	0.0347881790990128
0.25	0.0140643429044419
0.25	0.0291227167159175
0.25	0.0153652278489924
0.25	0.0155993985727255
0.25	0.0192907723232103
0.25	0.00445215642002028
0.25	0.026156256183741
0.25	0.0337042111163759
0.25	-0.00320014826606363
0.25	0.00447459935197159
0.25	0.0236092951587058
0.25	0.0418807750563889
0.25	0.0206423896568253
0.25	-0.0112820800240131
0.25	0.00839947101892902
0.25	0.0130869691195168
0.25	-0.00417728840198528
0.25	0.0249823145183155
0.25	-0.00922984600544685
0.25	0.0117910987098921
0.25	-0.00389611156148151
0.25	0.00781352145369318
0.25	0.0229851820266904
0.25	0.0123147682652415
0.25	-0.0107044673886951
0.25	0.00114410472775117
0.25	0.000210441143845275
0.25	0.00741583668798684
0.25	-0.00267338184060018
0.25	0.0161909192524338
0.25	-0.00083077591852998
0.25	-0.00810294873237283
0.25	-0.0246523785827055
0.25	0.0248642492693416
0.25	0.0016913582328546
0.25	-0.0252769152654702
0.25	0.00585145799850162
0.25	0.0101026939705673
0.25	-0.0034696156000682
0.25	-0.0187988969385914
0.25	-0.00450949024318303
0.25	-0.00913321187999649
0.25	0.0136022075167198
0.25	-0.00610105446610276
0.25	-0.023482076098315
0.25	0.00121869193723145
0.25	0.0190983550594808
0.25	0.0173132904978635
0.25	0.00590293472536163
0.25	0.00478753588756553
0.25	-0.000855202676035449
0.25	-0.00657179807312858
0.25	0.00539355806322317
0.25	0.0110141216120172
0.25	0.0171537564801507
0.25	-0.00538958638314446
0.25	0.0181506392855189
0.25	0.0252946985746435
0.25	-0.00519344955897116
0.25	0.00585168590067786
0.25	0.0333170293514993
0.25	0.0185022956501976
0.25	0.0215049162282641
0.25	-0.00799664784653875
0.25	0.0361106796096748
0.25	0.013132458801159
0.25	0.0023415218674504
0.25	0.0421538142626722
0.25	0.024502046639408
0.25	0.000753368975211388
0.25	-4.30162203163276e-05
0.25	-0.0337889628776068
0.25	-0.0164149579137877
0.25	0.00616770861716309
0.25	0.0442004157732032
0.25	-0.0211935749591139
0.25	0.0097725954106278
0.25	0.013045024778606
0.25	0.0189526828415538
0.25	-0.000163169499091564
0.25	0.00663317498142213
0.25	-0.00694632695413244
0.25	0.0169684210799309
0.25	0.0296401745050824
0.25	0.00312734420383431
0.25	0.00874810189624409
0.25	-0.000101678294080809
0.25	0.0231013071718021
0.25	0.0171809609142608
0.25	0.0389760749108971
0.25	-0.00225945046196074
0.25	-0.0107740210060717
0.25	-0.00176327458659542
0.25	0.00629943189010107
0.25	0.0151443817291999
0.25	0.0320496092710308
0.25	-0.0066681883713926
0.25	0.0057156600053887
0.25	0.00351038003816662
0.25	-0.0201933415884621
0.25	-0.00874607668781446
0.25	0.0120161247398232
0.25	-0.0280587868350177
0.25	-0.0243669814463474
0.25	-0.0129095377806988
0.25	0.0197621961322691
0.25	-0.000832247680908615
0.25	0.0393552905234561
0.25	-0.0047908278686063
0.25	0.0409172619582941
0.25	-0.0310234188347052
0.25	-0.011111083223116
0.25	0.0177077067190965
0.25	-0.0174547146855224
0.25	0.00437510051863277
0.25	0.019669214263323
0.25	-0.00838746156229697
0.25	-0.00439189692727493
0.25	-0.000323451924844065
0.25	0.0345371061883292
0.25	0.035073902555385
0.25	-0.0159732979136484
0.25	-0.0142411060011487
0.25	0.0251317859138147
0.25	-0.0194655297564002
0.25	0.00480559185082885
0.25	-0.0172384673477267
0.25	-0.00236174958400387
0.25	0.0285510150984924
0.25	0.0117475428944046
0.25	-0.00927386511244399
0.25	0.00997952588096868
0.25	-0.0131301843269563
0.25	-0.0213169079434438
0.25	0.0228009690846241
0.25	-0.0184689297962893
0.25	-0.00391244894741383
0.25	0.0108228497146644
0.25	0.00268370158117526
0.25	0.0211947069768071
0.25	0.0177242024397347
0.25	0.009314757120641
0.25	-0.0272273990704076
0.25	-0.00848118808999676
0.25	-0.0177452182077338
0.25	-0.00399824421092609
0.25	-0.0267730813871648
0.25	-0.00473635857624133
0.25	0.0275404751858392
0.25	-0.00360636504592893
0.25	0.0136458914595335
0.25	0.0239356247205751
0.25	-0.00350511406881793
0.25	0.0130545804101124
0.25	-0.00591261882938421
0.25	-0.0198023436332669
0.25	0.0269103044090677
0.25	0.000709296284014393
0.25	0.0298502278797153
0.25	-0.00446165068495652
0.25	0.0243041859106528
0.25	0.0308793265341383
0.25	0.00333231621191932
0.25	0.00533479272626491
0.25	0.0165451067228581
0.25	0.00742424423794419
0.25	-0.0106196208064639
0.25	0.00905429742239883
0.25	-0.011599838382549
0.25	-0.0128478636439598
0.25	-0.00861332592077546
0.25	0.0263635436011745
0.25	0.0229121079152126
0.25	0.00529660701525581
0.25	-0.000776448702839994
0.25	0.0148057138957703
0.25	-0.00341308809412577
0.25	-0.00289452265527879
0.25	-0.00361080059946617
0.25	0.000215524488215602
0.25	-0.00471805379421142
0.25	-0.00117869457314257
0.25	-0.00164611578443818
0.25	0.0293826494615606
0.25	-0.0108064759845609
0.25	0.0270779463965812
0.25	-0.00239622416272933
0.25	0.00904192989774999
0.25	0.0079570167185079
0.25	-0.0205044289847286
0.25	0.0199893120385578
0.25	-0.0279622816579
0.25	0.0174917920135383
0.25	0.00896115056264712
0.25	-0.00875301864203348
0.25	0.0131387436477413
0.25	-0.00430123254261727
0.25	-0.0170725562065744
0.25	0.0193572597600976
0.25	0.0292617412601766
0.25	0.00354846931486497
0.25	-0.0180324707836917
0.25	0.00638809706119647
0.25	0.0235159482881349
0.25	-0.0151248602468166
0.25	0.00540816342816186
0.25	0.0193873635645511
0.25	-0.0108301836982312
0.25	0.0251275497404034
0.25	0.0174581951783612
0.25	0.00875502824630414
0.25	0.017003634880726
0.25	0.000108205876747203
0.25	0.00195108612776884
0.25	-0.00491381536343494
0.25	0.0191186416451443
0.25	0.0155516790728125
0.25	0.0263472295494608
0.25	0.00588466743827221
0.25	0.0300415497160978
0.25	0.0231070028933609
0.25	0.0186590545807849
0.25	-0.00141247196261141
0.25	-0.017234203864664
0.25	-0.0127191241371216
0.25	-0.0171977185666656
0.25	0.0102154114574462
0.25	-0.0247673437944709
0.25	-0.0119495057396326
0.25	-0.0129986231520094
0.25	-0.0123516869870254
0.25	-0.0137082349995946
0.25	0.00313683397627118
0.25	0.0270110975104829
0.25	-0.00792927111002428
0.25	0.0398288767019538
0.25	-0.00364309378064664
0.25	-0.00772718520737004
0.25	-0.0106743082081413
0.25	-0.0122420058648008
0.25	-0.0121548725386497
0.25	-0.00146705875723852
0.25	-0.00217605088473272
0.25	0.0126500613055606
0.25	0.00162742012494832
0.25	0.00832620832890962
0.25	0.00905671912703365
0.25	0.0155507326789347
0.25	0.00874723461759852
0.25	0.0165133785326019
0.25	0.0248757606380963
0.25	-0.0132713014428169
0.25	0.00610992311302416
0.25	0.0167043869373538
0.25	0.0168965931550097
0.25	0.02448792463139
0.3	0.00260251700292469
0.3	0.0164970475612926
0.3	0.0124056413985817
0.3	-0.00210893390643496
0.3	-0.0183435599696244
0.3	-0.00854539678117633
0.3	0.0230850297402925
0.3	-0.0167576629669677
0.3	0.018294020317466
0.3	-0.0281050276921542
0.3	0.0199367449434766
0.3	0.0263867035879234
0.3	-0.00718404066084188
0.3	0.0266743259592396
0.3	0.0204501150345335
0.3	0.0399854370494285
0.3	0.00840137439525079
0.3	0.00776262589424748
0.3	0.00212599798615321
0.3	0.0110483814088839
0.3	0.017732128323692
0.3	-0.0278328264151391
0.3	-0.0090794048061229
0.3	-0.00422090910987716
0.3	-0.00660219067619849
0.3	0.00712879313433579
0.3	-0.018017848219928
0.3	0.0228576583808219
0.3	-0.00163765862820064
0.3	0.0234388027108899
0.3	-0.0101919254353617
0.3	0.00672802385364046
0.3	0.00471184689111759
0.3	0.0158980909411776
0.3	0.0294809959844623
0.3	-0.0159301072784406
0.3	-0.0370489813735984
0.3	0.00153254375768652
0.3	-0.0401388737142507
0.3	0.00382640657018463
0.3	0.0332673153107405
0.3	0.00296723848596736
0.3	0.00413276549921227
0.3	0.0272132141444255
0.3	-0.0138310309596403
0.3	0.0124095370241322
0.3	-0.0111550985160062
0.3	-0.00802644252223195
0.3	-0.00341291862828841
0.3	-0.0284507782850322
0.3	0.0108717252530769
0.3	-0.00382337769780061
0.3	-0.0091222396351518
0.3	0.00107271322605385
0.3	0.0147617547226897
0.3	0.00411556929931267
0.3	0.00800655103259529
0.3	0.0235512199844454
0.3	0.0219173603454896
0.3	-5.49729931744736e-05
0.3	0.00313415642925696
0.3	-0.00103652923566022
0.3	0.000699327984503784
0.3	-0.0387420318868886
0.3	0.00148067912872918
0.3	-0.00750682176856687
0.3	0.0135482855716546
0.3	-0.0377785523374273
0.3	-0.00251384020277468
0.3	0.00112819131808828
0.3	-0.0155337642443203
0.3	0.00316709974090545
0.3	0.00371983857981084
0.3	0.0230543395947157
0.3	0.00687404885146325
0.3	0.00463585423586599
0.3	0.0205512080140765
0.3	0.00213669494191593
0.3	0.000884385921377628
0.3	0.0104310048208599
0.3	0.0123896766499351
0.3	0.018064826759931
0.3	-0.00727978903774151
0.3	0.0146811260142998
0.3	0.0205076752215292
0.3	-0.0140914513315465
0.3	0.0304489337481469
0.3	-0.00695809153027727
0.3	0.00716632103802983
0.3	0.00857578935697734
0.3	-0.0186876678479595
0.3	-0.0128431744712063
0.3	0.00476729765998296
0.3	-0.00673054571689458
0.3	-0.0135516222455835
0.3	0.000918567483464638
0.3	-0.00676782640445173
0.3	-0.0125744005227842
0.3	0.0550659252835481
0.3	0.0108951123755838
0.3	0.00379769477828285
0.3	-0.0119620492838519
0.3	-0.00747460899046015
0.3	0.00995991486085346
0.3	0.011446678320444
0.3	0.00105250136419088
0.3	0.0337465422647635
0.3	0.0250483767185539
0.3	0.0147108433100055
0.3	0.0250680493521791
0.3	0.0135592720388154
0.3	0.0228897012279659
0.3	-0.0112766853730911
0.3	-0.000296214978456444
0.3	0.00709674905210111
0.3	0.0122741496247885
0.3	-0.0147750216642623
0.3	-0.0108074274001108
0.3	0.0130633132406539
0.3	0.00695527401329188
0.3	0.0225683830730975
0.3	-0.00441833825235538
0.3	-0.00444568783373045
0.3	0.0085373042137723
0.3	0.0149123483656941
0.3	-0.00692137791547204
0.3	0.00932887055646181
0.3	0.00200380810886081
0.3	-0.001839064964126
0.3	0.00229556698196209
0.3	-0.0141330278040328
0.3	0.0119580436649369
0.3	0.0170496140796204
0.3	-0.00539259321683438
0.3	-0.00346162570491348
0.3	-0.0201679658927068
0.3	0.0361788179804717
0.3	0.0247483580015463
0.3	-0.0117786320829859
0.3	0.0255459509381603
0.3	0.021112386335186
0.3	0.0144079390847908
0.3	0.00499409907609916
0.3	0.0127223410276319
0.3	-0.018298291116448
0.3	0.0333064303786463
0.3	-0.0102086741874825
0.3	0.0284508303757024
0.3	0.00747887454808327
0.3	-0.00413136602745479
0.3	-0.0032416371274161
0.3	-0.00795876552051333
0.3	0.0127707200476197
0.3	0.00422781366920777
0.3	0.0235650348223814
0.3	0.0372447017721617
0.3	0.00192988051306842
0.3	0.00931155364952663
0.3	0.0154570197040932
0.3	0.00756687405536205
0.3	0.00986599965293622
0.3	-0.00369613171783928
0.3	-5.67080738859138e-05
0.3	-0.00570727676736371
0.3	-0.020855303596972
0.3	0.0543642381497754
0.3	-0.0250305216766477
0.3	0.00646540443318999
0.3	0.0233640159083837
0.3	-0.0293659207354396
0.3	0.0159682174426742
0.3	-0.0185208482633287
0.3	-0.0241463318842223
0.3	0.0070783952709772
0.3	0.000213536665779168
0.3	-0.00770808227785613
0.3	0.00341959415916437
0.3	0.0387070517593595
0.3	0.0153223308610245
0.3	0.0195117463825968
0.3	0.00469031173099022
0.3	0.0224132003124508
0.3	0.00139815407545407
0.3	-0.0109578610079857
0.3	-0.00295507406087958
0.3	0.029973960553186
0.3	0.0257737007198477
0.3	0.0277010972942784
0.3	0.0169329745758398
0.3	0.0164799344050149
0.3	0.014143161410029
0.3	0.00835723989495285
0.3	0.028078989576665
0.3	0.0264566278427018
0.3	-0.0111715452315684
0.3	0.00773803200372947
0.3	0.0150056969280227
0.3	0.0408777105394709
0.3	0.0197387397265376
0.3	-0.000861939158073421
0.3	0.00417592143224099
0.3	0.00150481854233309
0.3	-0.0120194962919036
0.3	0.0194914826599601
0.3	-0.00855994860581755
0.3	-0.000254584650875467
0.3	-0.00345531517872388
0.3	-0.0030182921496803
0.3	0.00797613206816195
0.3	-0.00918727698948485
0.3	-0.0185612623780043
0.3	-0.00404093479124995
0.3	-0.017396478150799
0.3	0.00762483350429577
0.3	-0.00511758476996804
0.3	0.0101511590617909
0.3	0.000664888028683919
0.3	-0.00248172371464295
0.3	-0.0290278290359681
0.3	0.0132716658126105
0.3	-0.0129713489711312
0.3	-0.0217968161935357
0.3	-0.00475389604713627
0.3	0.00588252622640073
0.3	0.00814325663615789
0.3	-0.0257722927556981
0.3	-0.00329916957074439
0.3	-0.00174842146363496
0.3	0.00354068817898845
0.3	-0.0126994632876972
0.3	-0.0152179264918191
0.3	-0.00180946701764984
0.3	0.0104536089632408
0.3	0.00346511721421849
0.3	-0.00589672366268912
0.3	0.00700494233060533
0.3	0.00495141073880762
0.3	-0.00653158918272734
0.3	-0.00130995565490677
0.3	-0.0101634460672527
0.3	0.0188862920423972
0.3	-0.00138828011516501
0.3	0.01187431502172
0.3	0.0161813628278582
0.3	-0.00617623658550204
0.3	0.00300827220807298
0.3	0.0123870108052847
0.3	0.019126185388822
0.3	0.0165933834847911
0.3	-0.00445244756876773
0.3	0.025805461457565
0.3	0.0182320111211034
0.3	0.0008514354088478
0.3	0.0423017724650395
0.3	0.0167147898819388
0.3	-0.000329735532334507
0.3	0.00311240557061654
0.3	-0.0313689488156447
0.3	-0.0217262151231493
0.3	-0.000829379051039636
0.3	0.04460055397619
0.3	-0.0109122967574709
0.3	0.00522280189844548
0.3	0.0113773930745938
0.3	0.0194787483832803
0.3	-0.00121988071477208
0.3	0.000269174678015571
0.3	-0.007196326052334
0.3	0.00789134913547962
0.3	0.027598600053828
0.3	0.0112579361904347
0.3	0.0132464440874195
0.3	0.00595060889418697
0.3	0.0255436736285196
0.3	0.00632742053479107
0.3	0.0364451865304626
0.3	0.0015565795834761
0.3	-0.00114018805642713
0.3	-0.00462748545762925
0.3	0.00277852025874392
0.3	0.0182787964920252
0.3	0.0304137226547456
0.3	0.00306671619978682
0.3	0.00539436884230893
0.3	-0.00128221774486736
0.3	-0.027980354458532
0.3	-0.00904120086141247
0.3	0.00543716990805576
0.3	-0.0328749550370981
0.3	-0.0260553244217538
0.3	-0.00745989358657118
0.3	0.0144504243190241
0.3	-0.0116935239669536
0.3	0.0421298419586872
0.3	-0.00363426356629282
0.3	0.0338612823488739
0.3	-0.0132290764556258
0.3	-0.0113758540491335
0.3	0.0131306754348022
0.3	-0.0196936097797695
0.3	0.0139773407478998
0.3	0.00324341104158887
0.3	0.00203155752788087
0.3	-0.00147771178005973
0.3	-0.00719914216444772
0.3	0.0323512758722456
0.3	0.0229200051188041
0.3	-0.00586674207412541
0.3	-0.000901080376940477
0.3	0.018910424144543
0.3	-0.013043042063059
0.3	0.000468513662841619
0.3	-0.0254698597761336
0.3	-0.00327234479698268
0.3	0.0194966949927453
0.3	8.80162109096472e-05
0.3	-0.00783493379817668
0.3	0.00842181973937911
0.3	-0.00773762027403802
0.3	-0.0157725467905777
0.3	0.0136689720831441
0.3	-0.028539600731855
0.3	0.00322895784898658
0.3	0.0247914496240246
0.3	0.00231197743171951
0.3	0.0235764922677129
0.3	0.0178046205701401
0.3	0.011908097448526
0.3	-0.0201723008048349
0.3	-0.017325444555794
0.3	-0.0204838177840534
0.3	-0.0125947880356151
0.3	-0.0243588471056806
0.3	-0.00478010110746963
0.3	0.0265968129883779
0.3	-0.00395001324394562
0.3	0.00777484942125406
0.3	0.0155595764279672
0.3	-0.00188375191279522
0.3	0.00951354674823157
0.3	-0.00277274805325833
0.3	-0.0177037919449743
0.3	0.0231674371211062
0.3	-0.0180717076036648
0.3	0.0324616951724491
0.3	0.00283601279474077
0.3	0.00774046295945185
0.3	0.02343715730732
0.3	-0.00422507613789214
0.3	-0.0126930055702691
0.3	0.0125677401757358
0.3	-0.00169053585462953
0.3	-0.00918282595391395
0.3	0.0007681632345371
0.3	-0.00731208564408248
0.3	-0.00894533611547499
0.3	-0.0114953111033163
0.3	0.0358763753642137
0.3	0.00912196776965235
0.3	0.000802715409232491
0.3	-0.00500224159926188
0.3	0.00642608572363146
0.3	-0.00248136536854437
0.3	0.00196264599841744
0.3	-0.00175359934257791
0.3	0.00695455491443375
0.3	-0.0066599755575375
0.3	0.00352621499407868
0.3	-0.00260442622576362
0.3	0.026189548697639
0.3	-0.0094119647380102
0.3	0.0104515544454037
0.3	0.00122147996697475
0.3	0.0202626551743299
0.3	0.0181917170883554
0.3	-0.00793174719699663
0.3	0.0130745471186363
0.3	-0.0227665882738645
0.3	0.0226066753011968
0.3	0.00478204470881927
0.3	-0.0149338376180315
0.3	0.00895061937735819
0.3	0.00144034045074981
0.3	-0.00334222734661205
0.3	0.0133432308889289
0.3	0.0242782562932026
0.3	0.00282774427112437
0.3	-0.010884553399039
0.3	0.00161313052135803
0.3	0.0215842938590449
0.3	-0.0242792045753777
0.3	0.00442580720258778
0.3	0.0170130271282545
0.3	-0.00995396785176961
0.3	0.0124793350899977
0.3	0.0201945677957076
0.3	0.0029088951202616
0.3	0.0063867326537913
0.3	-0.00433933655703078
0.3	0.0015212419854479
0.3	-0.0125390413542612
0.3	0.0212298494548477
0.3	0.00685489238494719
0.3	0.0207290110478029
0.3	0.0115901348748904
0.3	0.0164175062133777
0.3	0.0155222205483281
0.3	0.0105529898150875
0.3	-0.00209317235553819
0.3	-0.0232607669714401
0.3	0.000288149942661686
0.3	-0.013533440341166
0.3	0.0136614172685278
0.3	-0.0156481699414477
0.3	-0.0145679711891089
0.3	-0.00558640149962397
0.3	-0.0121971828325742
0.3	-0.0174831924860122
0.3	0.00668020011051251
0.3	0.0209795940168581
0.3	-0.0136292032211862
0.3	0.0369976310373461
0.3	0.00806069416001565
0.3	-0.00614079906016562
0.3	-0.00923494200019426
0.3	-0.0219138671679161
0.3	-0.0157439473284618
0.3	-0.00298970630227147
0.3	0.0106405593027592
0.3	0.00863541156892778
0.3	-0.00568704137585851
0.3	0.00955808270403835
0.3	0.00807911638307712
0.3	0.00727412980220143
0.3	0.00922199477081465
0.3	0.0180477042398184
0.3	0.0131869669213164
0.3	-0.000375668447066047
0.3	0.00867450909846779
0.3	0.019352834213065
0.3	0.0163540956806777
0.3	0.0164425701571264
0.35	0.00451964279497352
0.35	0.0136428816192131
0.35	0.00610857460036696
0.35	-0.000824796031355102
0.35	-0.00722922142349547
0.35	-0.0120187100627732
0.35	0.0115051584832765
0.35	-0.0119635209924249
0.35	0.0229233506681858
0.35	-0.0270577196831752
0.35	0.00939364257680042
0.35	0.0219703133376176
0.35	-0.0094877724743877
0.35	0.0221446784839328
0.35	0.0169159378147021
0.35	0.0296505762143285
0.35	0.00606130373456193
0.35	0.0101652701867093
0.35	0.00501124369527761
0.35	0.0103672372488876
0.35	0.00961582686959894
0.35	-0.0206012119339766
0.35	-0.010565792673912
0.35	-0.00525161627517978
0.35	-0.0114853599586516
0.35	-0.000826100449248357
0.35	-0.0218854020724266
0.35	0.0106478104186509
0.35	0.00389843771056297
0.35	0.0224222754925131
0.35	-0.0142208455777916
0.35	0.00465444580985996
0.35	0.0128255524980218
0.35	0.0110768044432609
0.35	0.0244468652000779
0.35	-0.0180518390199422
0.35	-0.034057727998307
0.35	-0.00210252190578974
0.35	-0.0369476080242612
0.35	0.0072803631108409
0.35	0.0405899126682557
0.35	0.0048198082664227
0.35	0.00239707788217391
0.35	0.0245493616800074
0.35	-0.0161769578953957
0.35	0.013823788951429
0.35	-0.00815896661444204
0.35	-0.0110521601123851
0.35	-0.00312717437107801
0.35	-0.0319049387034086
0.35	0.00939055591719762
0.35	0.00216512839404637
0.35	-0.00385873027684369
0.35	0.00390597529358183
0.35	0.0133684875995742
0.35	0.00192526087180334
0.35	0.00872049376093054
0.35	0.0211483852839334
0.35	0.0184865371192571
0.35	-0.000176033931333697
0.35	-0.00252055691497477
0.35	-0.00776451881549467
0.35	-0.00561222067699352
0.35	-0.0345271675925816
0.35	-0.00150075301622588
0.35	-0.0203742280470357
0.35	0.0124757456371209
0.35	-0.0302465861452154
0.35	-0.00349174712672684
0.35	-0.00351730666756245
0.35	-0.0147871534144262
0.35	0.00408194767798786
0.35	0.00537706936166638
0.35	0.0153300045538159
0.35	0.0031536100884233
0.35	-0.00493321224528465
0.35	0.0154371703204411
0.35	-0.00131551999347068
0.35	0.00112336261490364
0.35	0.0141952378946577
0.35	0.0142849328431094
0.35	0.0176062134511532
0.35	-0.0134281892163811
0.35	0.0107207460342591
0.35	0.0196888342922733
0.35	-0.0188804130860091
0.35	0.039351304344891
0.35	-0.00138527362586049
0.35	0.00693270195819273
0.35	0.00973879833751734
0.35	-0.0108434451505599
0.35	-0.00428577317597867
0.35	-9.86819233408376e-05
0.35	0.00675073946441929
0.35	-0.00866716494420727
0.35	-0.0022774121960395
0.35	-0.00775303009194062
0.35	-0.0226440514043263
0.35	0.0512681539110446
0.35	0.00504111841697574
0.35	0.000186323686725776
0.35	-0.0188083109641126
0.35	-0.0148680823405233
0.35	0.00922867731018961
0.35	0.011060770864494
0.35	-0.00752410564496575
0.35	0.0255257951920402
0.35	0.0230132857497537
0.35	0.0167293663795909
0.35	0.0194110612866265
0.35	0.0102591377385302
0.35	0.0193397189599728
0.35	-0.019114905121472
0.35	-0.00721493721006505
0.35	0.00500389100503951
0.35	0.0100539376470405
0.35	-0.0160154763279735
0.35	-0.00992250411550677
0.35	0.0154738186584803
0.35	0.00083187676538643
0.35	0.0141735414141572
0.35	-0.00342157017819811
0.35	-0.00402423695820531
0.35	0.00513398276981669
0.35	0.0168459148701896
0.35	-0.00145146518238692
0.35	0.00138125763456132
0.35	-0.00874422381562101
0.35	-0.00638652114811555
0.35	0.00203499933822482
0.35	-0.012053526106342
0.35	0.0152306635187565
0.35	0.0123095250562714
0.35	0.00186052906725565
0.35	-0.000581841644961112
0.35	-0.0148104632649102
0.35	0.024189021411208
0.35	0.0155413167773055
0.35	-0.0152727608912078
0.35	0.0185115598849555
0.35	0.0148021824113245
0.35	0.0165586186621781
0.35	-0.00722382043385694
0.35	0.0092259935173985
0.35	-0.0125162908121104
0.35	0.0257468750067836
0.35	0.000406698880588308
0.35	0.0155857164662395
0.35	0.00220027925564781
0.35	-0.00852536712997676
0.35	-0.0085548379987479
0.35	-0.00199410596575933
0.35	-0.00446138712649757
0.35	0.000873831952083459
0.35	0.0137764251542074
0.35	0.0241025853816575
0.35	0.00708017534262684
0.35	-3.30629547015127e-05
0.35	0.0102914410615871
0.35	0.00299730184187796
0.35	0.00137312194711503
0.35	-0.00362356356963783
0.35	-0.00370567933990451
0.35	-0.00410277197637032
0.35	-0.025691338034076
0.35	0.046790999617763
0.35	-0.0288947704840026
0.35	0.00242248049741478
0.35	0.0153065832076416
0.35	-0.0305557342919874
0.35	0.0176700182076186
0.35	-0.0183434574757565
0.35	-0.0245805157247331
0.35	0.0123134083407059
0.35	6.758181401334e-05
0.35	-0.00788132033329692
0.35	0.00345757198301955
0.35	0.0348451327155597
0.35	0.0237694532631005
0.35	0.0120913521442604
0.35	0.00949458511693047
0.35	0.0206669636953336
0.35	0.00211867816821354
0.35	-0.0160934771523096
0.35	-0.0130623341388677
0.35	0.0223047012200374
0.35	0.0278971534569874
0.35	0.0228327383604684
0.35	0.0138241550943344
0.35	0.013456517265154
0.35	0.0149451429057071
0.35	0.00563911891650304
0.35	0.0236773573263692
0.35	0.0255294203172473
0.35	-0.0136600917444611
0.35	-0.00265854971364521
0.35	0.0131842072323836
0.35	0.0443512282739191
0.35	0.0170182038733047
0.35	-0.0045155552476096
0.35	0.00768743299551655
0.35	0.00254790672663041
0.35	-0.0101185552309031
0.35	0.0293726178254483
0.35	-0.0159453964415275
0.35	0.00187567891954943
0.35	-0.00452883398750592
0.35	-0.0124853381649745
0.35	0.00676857042943313
0.35	-0.0203577671235643
0.35	-0.0270252818443386
0.35	-0.00822449983971185
0.35	-0.0236426063954515
0.35	0.00216614057905073
0.35	-0.00582510493531596
0.35	0.00213330142583934
0.35	0.00623862175844492
0.35	-0.00590752870272615
0.35	-0.0302947922610816
0.35	0.0185559656104166
0.35	-0.0092090845622419
0.35	-0.0228668987604153
0.35	-0.00134085541429529
0.35	0.00426133242847249
0.35	0.0101992627687905
0.35	-0.0240043069904721
0.35	-0.00329951188328448
0.35	-0.0042553387431834
0.35	0.00387948424169104
0.35	-0.00886486261736441
0.35	-0.00799862649822591
0.35	-0.00466275989047737
0.35	0.00989229180805429
0.35	0.00116166610497148
0.35	-0.00216062001177664
0.35	-0.000539023478476897
0.35	0.00361772679860212
0.35	-0.00748831670638506
0.35	-0.00690950609412444
0.35	-0.0132085550839662
0.35	0.0123298818443933
0.35	-0.00627725086137354
0.35	0.00859876835171236
0.35	0.0119324982278677
0.35	-0.00183434914562042
0.35	0.00621414718912427
0.35	0.00933550347293888
0.35	0.00914452873200966
0.35	0.0117200088594932
0.35	-0.00749602456588738
0.35	0.0265512469909406
0.35	0.0139773581653796
0.35	0.00487574014048364
0.35	0.0366182079248442
0.35	0.0103348509770157
0.35	-0.000157666894940456
0.35	0.00010889997415231
0.35	-0.0321304650863916
0.35	-0.018642906919093
0.35	-0.00661100457653363
0.35	0.0337151723939743
0.35	-0.0119254014121467
0.35	0.011521372212679
0.35	0.0120609335316512
0.35	0.0163221820212213
0.35	-0.0121525565927987
0.35	-0.00730295117903801
0.35	-0.0165851382898523
0.35	0.0062081914038451
0.35	0.0266151440168071
0.35	0.0117801775338247
0.35	0.00817038282965765
0.35	0.00205255284169403
0.35	0.0202838153931321
0.35	0.00448210844613561
0.35	0.0337188630697258
0.35	0.00218697833688031
0.35	-0.00579197225725947
0.35	-0.00537124697074765
0.35	0.00148773740881047
0.35	0.0130973821175078
0.35	0.0275925241842396
0.35	-0.000577610052851396
0.35	0.00470745242467741
0.35	0.00371879796063235
0.35	-0.0203611820656284
0.35	-0.00929587832750678
0.35	-2.6113043631204e-05
0.35	-0.0199052399482109
0.35	-0.0268744990654686
0.35	-0.013293619992258
0.35	0.0259989219488428
0.35	-0.0130862810622479
0.35	0.0309269856284566
0.35	-0.0142550028782739
0.35	0.0222994040137852
0.35	-0.0137145872295206
0.35	-0.0102566627826216
0.35	0.0117811236844714
0.35	-0.0187117432061346
0.35	0.0169279518380319
0.35	-0.000714986238992799
0.35	0.0036096072210523
0.35	-0.011053767518145
0.35	-0.00517606537488313
0.35	0.0255902293310636
0.35	0.0251323891021575
0.35	-0.0142442870683486
0.35	-0.0113179046818392
0.35	0.0172964848996909
0.35	-0.00520600581799163
0.35	0.0108539518460088
0.35	-0.0236205969245414
0.35	-0.0114168636008944
0.35	0.0110542550529136
0.35	0.000672907480926854
0.35	-0.011759070856177
0.35	0.00383106304401154
0.35	-0.00990621911249656
0.35	-0.00237750977315487
0.35	0.00846574845283077
0.35	-0.0283033260001179
0.35	0.0119718324953538
0.35	0.0241974660044496
0.35	-2.83885930121297e-05
0.35	0.0269379809025029
0.35	0.0144895112657264
0.35	-0.00299808232532822
0.35	-0.0249389497487247
0.35	-0.0105411625149107
0.35	-0.0222239039420515
0.35	-0.0186554779596213
0.35	-0.0116366646363948
0.35	-0.00941598014143219
0.35	0.0159851055355538
0.35	0.00512763832290641
0.35	0.00528935661099839
0.35	0.0170602687139699
0.35	0.0024319377174552
0.35	0.00443439559355285
0.35	-0.00114643974879491
0.35	-0.029397612150975
0.35	0.0190841613622141
0.35	-0.00291404610946078
0.35	0.0251708974017277
0.35	-0.00909610525839166
0.35	0.0117145471657434
0.35	0.0201397577272596
0.35	-0.0141071768266285
0.35	-0.0176779709486508
0.35	0.00632601735719207
0.35	-0.00747769406809862
0.35	-0.00563190817638293
0.35	0.00328141358887446
0.35	-0.0130112798753872
0.35	-0.0164823944957915
0.35	-0.00685769397252267
0.35	0.0247875209263569
0.35	0.00596201411763708
0.35	0.00498971370851786
0.35	-0.0143058269607482
0.35	-0.00163753532983668
0.35	-0.00760826304492046
0.35	0.0105291401447494
0.35	-0.00210650171552162
0.35	0.00225799936677917
0.35	-0.00205246325774067
0.35	0.00592957997229937
0.35	0.00163543689444312
0.35	0.0292940417675064
0.35	-0.0238023967188027
0.35	0.0133268106498846
0.35	0.00910925958114484
0.35	0.0190706517984218
0.35	0.0203423455286234
0.35	-0.0146504498263171
0.35	0.00837233773782919
0.35	-0.0212308356437069
0.35	0.0113839711769821
0.35	0.000219101375041664
0.35	-0.0187321376700433
0.35	0.00296914379380497
0.35	0.0015271834540872
0.35	0.0098290195063373
0.35	0.00496348110434852
0.35	0.0162183460334684
0.35	-0.00682568403064709
0.35	-0.0118413040841133
0.35	-0.00139059240960471
0.35	0.0220611684788887
0.35	-0.0256123200584392
0.35	-0.00746638515186138
0.35	0.00590327323550122
0.35	-0.0125199087498726
0.35	0.00953595214282033
0.35	0.00628252409509911
0.35	-0.00346353819449552
0.35	0.0115337180020558
0.35	-0.0135298316562337
0.35	-0.00161489664973635
0.35	-0.00924191933988361
0.35	0.018496335199129
0.35	0.0114982358932122
0.35	0.0115934576957231
0.35	0.0082974416464916
0.35	0.0175226483907068
0.35	0.00767372442396463
0.35	0.0116932076578788
0.35	-0.00688261926960843
0.35	-0.0262341050411531
0.35	6.71357778049275e-05
0.35	-0.0055167916270461
0.35	0.00972778734648139
0.35	-0.0119326750809927
0.35	-0.0161889463198892
0.35	-0.00478003360718116
0.35	-0.0197404058975114
0.35	-0.0185290881397373
0.35	-0.00284423948214751
0.35	0.013831347520713
0.35	-0.0137193055974308
0.35	0.0375248146338247
0.35	0.00676540803357195
0.35	-0.00322782976170488
0.35	-0.0123031566530022
0.35	-0.0261056106748095
0.35	-0.0101544456896537
0.35	-0.00673887056778444
0.35	-0.00101506867632173
0.35	0.0116499935660644
0.35	-0.000593243130308174
0.35	0.00872737499814213
0.35	0.00203289299742737
0.35	0.000205966835631677
0.35	0.00209274424141215
0.35	0.0198386142354265
0.35	0.0140320731824772
0.35	-0.00455436002038845
0.35	0.00420842406035282
0.35	0.0153982656739637
0.35	0.00854800077285833
0.35	0.0146682687689607
0.4	0.00483419560320808
0.4	0.0125375706515634
0.4	-0.00185890949511103
0.4	0.000600250523515644
0.4	-0.00936236752236108
0.4	-0.0153232194487134
0.4	0.00593616923782281
0.4	-0.0126643291656383
0.4	0.0210448970282138
0.4	-0.017634668124294
0.4	0.00338054239908137
0.4	0.0211920161075534
0.4	-0.00330091925787357
0.4	0.0282430107715693
0.4	0.0207772526629675
0.4	0.027924739524911
0.4	0.00499964168470945
0.4	0.0138571918961895
0.4	0.00427524079495678
0.4	0.00861646571773689
0.4	0.00675175337624345
0.4	-0.0139877605205088
0.4	-0.00397392682052411
0.4	0.00139460625161825
0.4	-0.00370603603701258
0.4	-0.00333326046114368
0.4	-0.0237553510937223
0.4	0.0135216776478689
0.4	-0.00379691536744109
0.4	0.0213380000416155
0.4	-0.0148452442390183
0.4	0.00632449256486556
0.4	0.00632618300334042
0.4	0.00573525276772491
0.4	0.0306326870952827
0.4	-0.0279528429767297
0.4	-0.0294033268599366
0.4	-0.00472951025189039
0.4	-0.0323069554419793
0.4	0.00639778504760968
0.4	0.0347401446306494
0.4	0.00362846045422949
0.4	-0.000181991475602938
0.4	0.025574697799301
0.4	-0.01472835101861
0.4	0.016203720577358
0.4	-0.0101514821808105
0.4	-0.00557654343583747
0.4	-0.00622291598371916
0.4	-0.0254522358384062
0.4	0.00878672175648332
0.4	0.00150898658353882
0.4	-0.00553321272058971
0.4	-0.000104651942827383
0.4	0.00360230390169392
0.4	0.00389722133585102
0.4	0.00411452702685156
0.4	0.0225736799942279
0.4	0.0154600665328597
0.4	-0.00344774079752252
0.4	-0.00166389802596978
0.4	-0.0086677052719617
0.4	-0.00120170452002755
0.4	-0.0284991126088177
0.4	-0.00427134621810255
0.4	-0.0186595956528075
0.4	0.0124883618302204
0.4	-0.0260833973099642
0.4	-0.00756111007139693
0.4	-0.00664006571811238
0.4	-0.00826114785219134
0.4	0.00426033944885285
0.4	0.0018295183340189
0.4	0.0133525953744384
0.4	-0.00456015178880498
0.4	-0.00794449980143885
0.4	0.0162675626265759
0.4	-0.0108857074310044
0.4	-0.00191862383707653
0.4	0.0096921720682609
0.4	0.0140428242359709
0.4	0.0146244576088291
0.4	-0.00437558702978802
0.4	0.0106646736660714
0.4	0.0220168358043168
0.4	-0.0144957504884579
0.4	0.0362403672567345
0.4	0.00504145330546235
0.4	0.00907852579382451
0.4	0.011654928910971
0.4	0.000114458672660134
0.4	-0.00649859029747479
0.4	-0.00529954817633671
0.4	0.0095893631963917
0.4	-0.00831813565889783
0.4	0.00219323342432776
0.4	-0.0118935606519623
0.4	-0.0194380768001479
0.4	0.0420986838214173
0.4	0.00113651239162438
0.4	0.00065931146453746
0.4	-0.0214522268272453
0.4	-0.0107451541495486
0.4	0.0134056396594406
0.4	0.010706571895768
0.4	-0.00937655029999807
0.4	0.0188537891715098
0.4	0.0182026565267864
0.4	0.0137388199971986
0.4	0.0166195660372818
0.4	0.00656789063214569
0.4	0.021522146087662
0.4	-0.0160930230639833
0.4	-0.00181847229382226
0.4	0.00678378921338785
0.4	0.0097244136242719
0.4	-0.0133879815350267
0.4	-0.0103479467063765
0.4	0.0149057742455766
0.4	-0.000901284903858102
0.4	0.00707295839028899
0.4	0.00888852865869094
0.4	-0.00538194102057876
0.4	0.0025554979383724
0.4	0.023751725012662
0.4	-0.00519155355923312
0.4	0.00126638463506146
0.4	-0.00548993948479293
0.4	-0.0101074274457889
0.4	0.0149458896658974
0.4	-0.0211427454940677
0.4	0.0111584715783349
0.4	0.0152213769621486
0.4	0.00246980847139766
0.4	0.000530303317455627
0.4	-0.0115990559906685
0.4	0.0190620563213276
0.4	0.0133378157598036
0.4	-0.014714432958446
0.4	0.00781670892021369
0.4	0.0209973302150307
0.4	0.00982926372123205
0.4	-0.0107357102353155
0.4	0.00405658525600572
0.4	-0.0068083579670809
0.4	0.0236594416094008
0.4	0.00456919990658344
0.4	0.0120204096398896
0.4	0.0122652353856754
0.4	-0.00801059627892442
0.4	-0.0147864337967782
0.4	-0.00434257641686131
0.4	-0.0019387505215066
0.4	-0.0060098340799104
0.4	0.0120792760182744
0.4	0.0164534872224698
0.4	0.00817910529597965
0.4	-0.00445489859421333
0.4	0.0119414776021927
0.4	-0.00622309114423536
0.4	0.00330544765698859
0.4	-0.00037377889153839
0.4	-0.00706795458670795
0.4	-0.00389710292446455
0.4	-0.0277397767261216
0.4	0.0346836504201313
0.4	-0.0239447849519233
0.4	-0.00367768106827049
0.4	0.0171482363687023
0.4	-0.0335128782343271
0.4	0.016461684660762
0.4	-0.0218848618201068
0.4	-0.0235209207076497
0.4	0.00729785353046142
0.4	0.00039780683667745
0.4	-0.00190482716146922
0.4	0.00238639007267349
0.4	0.0304928699423564
0.4	0.0197894360302449
0.4	0.00785966759337264
0.4	0.00674515201657666
0.4	0.0208720994933604
0.4	-0.00147061001653725
0.4	-0.0194794596886744
0.4	-0.00625010773575174
0.4	0.0200141512069314
0.4	0.0323015848871466
0.4	0.0176912990279794
0.4	0.0123409352805923
0.4	0.00211995862274894
0.4	0.0202394243285898
0.4	0.0105773589704875
0.4	0.0304352160069423
0.4	0.0307755144008856
0.4	-0.0121631010882769
0.4	0.00532278869656366
0.4	0.00322923005886411
0.4	0.0383466282087292
0.4	0.0228479185341994
0.4	-0.0041872625666679
0.4	0.0138788661168807
0.4	0.00337961958199673
0.4	-0.00709000486469979
0.4	0.0257542840799077
0.4	-0.0124469280104027
0.4	0.00318002262551709
0.4	-0.00622643118915256
0.4	-0.0137555377840973
0.4	0.0124030156831417
0.4	-0.0178764691255507
0.4	-0.0252614443033904
0.4	-0.00634522501614943
0.4	-0.0155544198515313
0.4	0.00677265201949395
0.4	-0.00983801434507603
0.4	0.00632876872113197
0.4	0.00747047588536898
0.4	-0.00464801522820446
0.4	-0.025529645652249
0.4	0.0175458034125514
0.4	-0.00757998503293544
0.4	-0.0194693507763715
0.4	0.00771407108847177
0.4	0.00444390494772706
0.4	0.00981009049278414
0.4	-0.0187059659596982
0.4	-0.00820598744807399
0.4	0.000662395003262706
0.4	0.00877972966528195
0.4	-0.00461569809854701
0.4	-0.0107759389097144
0.4	0.000105792555553208
0.4	0.00727791625444907
0.4	0.00094467219338501
0.4	0.000564158010381788
0.4	-0.0042215822156515
0.4	0.000329521112649223
0.4	-0.00614683109132241
0.4	-0.00591849160897218
0.4	-0.00970808506987286
0.4	0.0174795474745659
0.4	-0.00200491597011343
0.4	0.00929544316877751
0.4	0.0198120898947145
0.4	-0.000320573901539944
0.4	0.00319759942254205
0.4	0.00852472749826194
0.4	0.00750303478566067
0.4	0.00610040133418599
0.4	-0.00672638771767065
0.4	0.0175409913512468
0.4	0.00689932180611375
0.4	0.00299631538202272
0.4	0.0324808191796396
0.4	0.0145368364354475
0.4	0.0015976311983037
0.4	-0.00145066762932056
0.4	-0.0312659203570936
0.4	-0.00264612907885098
0.4	-0.0039722568121261
0.4	0.0299615045221381
0.4	-0.00642566917629706
0.4	0.0115768938664964
0.4	0.00785650520632053
0.4	0.0174047519840638
0.4	-0.00907191082561576
0.4	-0.000292260200859484
0.4	-0.00924600792573205
0.4	0.000897289616562769
0.4	0.0203988835561011
0.4	0.0163671072575774
0.4	0.0133779723127126
0.4	-0.00165039779490905
0.4	0.0115571470175594
0.4	-0.00404641486812074
0.4	0.029247836269119
0.4	0.00483629444548273
0.4	0.0013226634067216
0.4	-0.00910877527285114
0.4	0.00195643068229534
0.4	0.0130564701758638
0.4	0.0286449839706735
0.4	0.0011495326538169
0.4	0.00136230848483454
0.4	0.00386280529569971
0.4	-0.0104356149842357
0.4	-0.0157520970608935
0.4	-0.00288037732573898
0.4	-0.0136725497160408
0.4	-0.0174208033089673
0.4	-0.00498886722830583
0.4	0.0185065723140901
0.4	-0.00903284690500961
0.4	0.0236750583568059
0.4	-0.0183736025296125
0.4	0.0228416858125244
0.4	-0.0042796697079599
0.4	-0.00306704710975714
0.4	0.00864355896629798
0.4	-0.0179406634187429
0.4	0.0217121760667942
0.4	0.0065797142321582
0.4	0.0019398792233325
0.4	-0.000301496436655002
0.4	-0.00728503213674536
0.4	0.0182120139475885
0.4	0.0206775790529385
0.4	-0.0117865732642382
0.4	-0.0184234195129311
0.4	0.014622517539127
0.4	-0.00509858032583077
0.4	0.00796034101326482
0.4	-0.0149480194654738
0.4	-0.00768118851826405
0.4	0.0124367198972619
0.4	-0.00377644081093748
0.4	-0.00495937855647033
0.4	0.000668786752894945
0.4	-0.00556640633371397
0.4	-0.00388560484554745
0.4	0.0183518162368103
0.4	-0.0264661630458086
0.4	0.0110205044394796
0.4	0.0285325653612136
0.4	-0.00345932370198809
0.4	0.0265245194750772
0.4	0.0192023624104524
0.4	-0.00302256731960537
0.4	-0.027747918578632
0.4	-0.00773486766090259
0.4	-0.0288500576530757
0.4	-0.0207915095556264
0.4	-0.0124628089136251
0.4	-0.00528540203940042
0.4	0.00611211040007986
0.4	0.0163653014063679
0.4	0.00491655454652595
0.4	0.024928969409055
0.4	0.00594335265903534
0.4	0.000275098956193154
0.4	0.00479345193032077
0.4	-0.0256373191762381
0.4	0.012249467772067
0.4	-0.00187545586336468
0.4	0.0288003433060914
0.4	-0.00341720191239125
0.4	0.00957464260351315
0.4	0.0202870232715271
0.4	-0.0133735131471311
0.4	-0.0128413991319875
0.4	0.00812076560382513
0.4	-0.00366774585607021
0.4	-0.00877014542516208
0.4	0.0011149681238698
0.4	-0.0197754877499157
0.4	-0.0122357998967612
0.4	-0.016370092799481
0.4	0.0255253610555013
0.4	0.00180707738339148
0.4	-0.00119216453187276
0.4	-0.0122391690818489
0.4	-0.00281936781695147
0.4	-0.00456807069417298
0.4	0.0146867637352825
0.4	-0.00333897958831719
0.4	0.00234431097483812
0.4	-0.0012226975644134
0.4	0.00721808272862767
0.4	-0.00503667989297851
0.4	0.0284184224083694
0.4	-0.0172636656910737
0.4	0.0149313982828833
0.4	0.00560896529845856
0.4	0.028313921077386
0.4	0.0247909930366339
0.4	-0.0107595579096199
0.4	0.00390069228553824
0.4	-0.0206073332388806
0.4	0.00759875705843183
0.4	0.00218849682708244
0.4	-0.0214605327671358
0.4	0.00653614905802957
0.4	0.000683851408821545
0.4	0.00747481636168312
0.4	0.000756385776080282
0.4	0.019975305945471
0.4	-0.00344288146211347
0.4	-0.0107239452423754
0.4	0.00151401811071916
0.4	0.0193945666020139
0.4	-0.0268342361719023
0.4	-0.00701795315002529
0.4	0.0061933171827695
0.4	-0.0150224010194853
0.4	0.00921717926013321
0.4	0.00909913183275857
0.4	-0.00329849055183662
0.4	0.00415474321203702
0.4	-0.0113696325748429
0.4	0.0018514040304346
0.4	-0.0101782957498324
0.4	0.0246653964372028
0.4	0.00621373933618441
0.4	0.00729124336078202
0.4	0.0090152365460211
0.4	0.0205466792344661
0.4	0.0111535792322884
0.4	0.00619669641050269
0.4	-0.0126611970407972
0.4	-0.0237847887336229
0.4	0.00791825699257875
0.4	0.00288397576235266
0.4	0.00982042132289107
0.4	-0.0151720113313167
0.4	-0.0112328731464284
0.4	-0.00357197893757666
0.4	-0.0216880612383668
0.4	-0.0236597145820439
0.4	-0.00402954329738348
0.4	0.012422232991398
0.4	-0.0120737660879862
0.4	0.0317444529408921
0.4	0.0100513533251444
0.4	0.000212096659266359
0.4	-0.0126910279670125
0.4	-0.028814249579033
0.4	-0.00521679005954856
0.4	-0.000122601027302771
0.4	-0.00253598455578863
0.4	0.00839861550372323
0.4	0.0013171805788964
0.4	0.0153509312999616
0.4	0.00230722261875671
0.4	0.00350052364718045
0.4	0.000415789569775282
0.4	0.0209379047041558
0.4	0.00900969637409355
0.4	-0.00932163046457712
0.4	0.00125900592867401
0.4	0.013722294128373
0.4	0.00715943600081459
0.4	0.012560273204119
